1.521764544631289638e-15
1.555907981381052518e-15
1.530473319307923248e-15
1.513005838931613990e-15
1.500421042926010175e-15
1.525129191858499832e-15
1.515670614067391798e-15
1.493805517480467734e-15
1.524850382387553250e-15
1.501315947604090441e-15
1.528868154204757278e-15
1.541799451403821198e-15
1.547361733859958775e-15
1.551306452234054089e-15
1.520997818586186587e-15
1.534749626590073409e-15
1.544862166740018332e-15
1.567774977041983734e-15
1.572862244564146928e-15
1.526642369942705684e-15
1.508041555875601746e-15
1.556007173212062270e-15
1.542456764838029908e-15
1.499896767184068077e-15
1.482678941922969604e-15
1.542089151869726694e-15
1.555745621779281379e-15
1.546397797029216139e-15
1.546042583039789021e-15
1.526764181532476121e-15
1.499020628528070684e-15
1.517124980778819671e-15
1.554937174845797509e-15
1.550256225212483787e-15
1.531037137739254460e-15
1.548156608938186235e-15
1.532330987940365836e-15
1.511598052167856333e-15
1.506841200677367868e-15
1.516891075717857395e-15
1.545489990710953984e-15
1.514368721285387735e-15
1.523350441051066745e-15
1.498731933384776971e-15
1.528250886121243476e-15
1.570716383449716223e-15
1.580377366193290304e-15
1.554038919092345223e-15
1.521465126046805543e-15
1.497775871581158491e-15
1.540852269949938460e-15
1.551201060913606092e-15
1.541975885522154540e-15
1.524398657427413876e-15
1.508759356220274345e-15
1.558788565770783857e-15
1.520045107857940125e-15
1.528550974920801896e-15
1.545916582605803708e-15
1.549094407381027438e-15
1.493278058216922149e-15
1.551921709672344719e-15
1.529894085929880985e-15
1.479741389251914730e-15
1.530592282483627657e-15
1.540914935059394053e-15
1.492245927002360394e-15
1.538331591055154908e-15
1.564553253179387481e-15
1.488139686795336799e-15
1.516134067791332942e-15
1.541190058347431355e-15
1.578663458694304711e-15
1.491035686131779189e-15
1.495612249767256499e-15
1.533418076791027559e-15
1.534381678514232934e-15
1.545985112097160087e-15
1.527575476880026218e-15
1.568652456128129974e-15
1.575962156836972743e-15
1.518908087984236363e-15
1.576758875006654646e-15
1.548219441601410360e-15
1.561693110349424925e-15
1.512629010506037970e-15
1.542975511305608480e-15
1.557066615690905379e-15
1.561954829335974545e-15
1.507231600958200496e-15
1.550669245252077099e-15
1.577068849478560394e-15
1.559604385070086090e-15
1.484823797714788526e-15
1.541115329366636927e-15
1.493300677975682834e-15
1.455690386199865250e-15
1.544181730885743144e-15
1.519318929824837775e-15
1.552684414427001427e-15
1.573625116872572167e-15
1.495679271274695697e-15
1.510867517736770377e-15
1.507560676559726378e-15
1.514507958467092395e-15
1.498113324871114322e-15
1.519121048824123865e-15
1.539686598381804299e-15
1.552885646503087356e-15
1.524290752800437111e-15
1.547893549521487768e-15
1.551679091815415430e-15
1.535914795496901777e-15
1.570490856077183699e-15
1.540162115977084673e-15
1.491420054476942301e-15
1.541301984264854662e-15
1.545779188515553490e-15
1.547824014707519802e-15
1.526761333118409895e-15
1.501646698743302431e-15
1.553506433215741709e-15
1.506954299471171293e-15
1.561854129521047217e-15
1.555347178917556063e-15
1.521559793926063356e-15
1.494561855191917664e-15
1.555930098478507410e-15
1.528029715146694557e-15
1.527740182234557789e-15
1.516110107602423410e-15
1.539489052488627651e-15
1.523924982923588340e-15
1.526994232856760783e-15
1.550482925461396429e-15
1.521788337266430638e-15
1.494363471529897962e-15
1.524254728740188547e-15
1.512855710754950612e-15
1.508946011118492079e-15
1.521014573963046485e-15
1.548384146955941734e-15
1.511856084971496673e-15
1.535686084602765963e-15
1.528384929136121675e-15
1.536241860453204487e-15
1.561993869364057670e-15
1.480534253684919017e-15
1.522839569610612527e-15
1.523060908138929978e-15
1.551733881897746867e-15
1.509673362027974548e-15
1.564991908945576236e-15
1.534673222071592873e-15
1.536568757855738468e-15
1.582550371018233830e-15
1.494199268836672183e-15
1.540663604406497554e-15
1.535048039851945918e-15
1.506507768677858578e-15
1.586478166461700912e-15
1.513723471722518057e-15
1.554710307043116137e-15
1.585321877904608286e-15
1.578967066123003682e-15
1.498876029625771029e-15
1.527783411106855987e-15
1.528162920392729701e-15
1.520596024649089449e-15
1.504324878180567724e-15
1.529880178967087313e-15
1.548601464193813039e-15
1.560411826680958375e-15
1.537487287615191005e-15
1.573228181994764230e-15
1.563825734716136283e-15
1.497623732759271744e-15
1.526407124451594560e-15
1.502657215521715087e-15
1.521431447739317412e-15
1.562943564124469373e-15
1.561409441819188945e-15
1.524871661716165285e-15
1.534927066031018338e-15
1.550344023387229029e-15
1.547141065546715452e-15
1.533872147503927366e-15
1.512890561938818861e-15
1.590142902488469525e-15
1.513255494046824578e-15
1.517235566266094131e-15
1.583552677661985266e-15
1.525367955978751704e-15
1.556560603309740362e-15
1.530053764671354626e-15
1.541990127592485474e-15
1.582366564534082125e-15
1.543761170926562936e-15
1.541571075617222645e-15
1.477917734034497534e-15
