1.521874459903489773e-15
1.521874795011027034e-15
1.521873957242183980e-15
1.521874292349721241e-15
1.521874627457258305e-15
1.521874459903489773e-15
1.521874795011027034e-15
1.521874459903489773e-15
1.521874459903489773e-15
1.521874459903489773e-15
1.521874459903489773e-15
1.521874459903489773e-15
1.521874292349721241e-15
1.521874795011027034e-15
1.521874459903489773e-15
1.521874459903489773e-15
1.521874459903489773e-15
1.521874459903489773e-15
1.521874459903489773e-15
1.521874292349721241e-15
1.521874459903489773e-15
1.521874124795952512e-15
1.521874459903489773e-15
1.521874627457258305e-15
1.521874459903489773e-15
1.521874292349721241e-15
1.521874292349721241e-15
1.521874459903489773e-15
1.521874459903489773e-15
1.521874292349721241e-15
1.521874962564795566e-15
1.521874795011027034e-15
1.521874459903489773e-15
1.521874459903489773e-15
1.521874627457258305e-15
1.521874627457258305e-15
1.521873622134646719e-15
1.521874292349721241e-15
1.521874459903489773e-15
1.521874459903489773e-15
1.521874459903489773e-15
1.521874627457258305e-15
1.521874459903489773e-15
1.521874627457258305e-15
1.521874459903489773e-15
1.521874795011027034e-15
1.521874459903489773e-15
1.521874292349721241e-15
1.521874124795952512e-15
1.521874459903489773e-15
1.521874962564795566e-15
1.521874292349721241e-15
1.521874795011027034e-15
1.521874124795952512e-15
1.521874627457258305e-15
1.521874459903489773e-15
1.521874292349721241e-15
1.521874459903489773e-15
1.521874459903489773e-15
1.521874124795952512e-15
1.521874292349721241e-15
1.521874292349721241e-15
1.521874459903489773e-15
1.521874124795952512e-15
1.521874292349721241e-15
1.521874292349721241e-15
1.521874459903489773e-15
1.521874459903489773e-15
1.521874124795952512e-15
1.521874124795952512e-15
1.521874124795952512e-15
1.521874459903489773e-15
1.521874795011027034e-15
1.521874459903489773e-15
1.521874627457258305e-15
1.521874459903489773e-15
1.521874459903489773e-15
1.521874459903489773e-15
1.521874292349721241e-15
1.521874459903489773e-15
1.521874124795952512e-15
1.521874795011027034e-15
1.521874459903489773e-15
1.521874627457258305e-15
1.521874795011027034e-15
1.521874627457258305e-15
1.521874627457258305e-15
1.521874627457258305e-15
1.521874459903489773e-15
1.521874627457258305e-15
1.521874795011027034e-15
1.521874124795952512e-15
1.521874627457258305e-15
1.521874292349721241e-15
1.521874124795952512e-15
1.521874292349721241e-15
1.521874459903489773e-15
1.521874292349721241e-15
1.521874292349721241e-15
1.521874292349721241e-15
1.521874292349721241e-15
1.521874459903489773e-15
1.521874459903489773e-15
1.521874292349721241e-15
1.521874459903489773e-15
1.521874459903489773e-15
1.521874292349721241e-15
1.521874292349721241e-15
1.521874459903489773e-15
1.521874459903489773e-15
1.521874795011027034e-15
1.521874795011027034e-15
1.521874459903489773e-15
1.521874459903489773e-15
1.521874459903489773e-15
1.521874627457258305e-15
1.521874459903489773e-15
1.521874124795952512e-15
1.521874459903489773e-15
1.521874627457258305e-15
1.521874124795952512e-15
1.521874459903489773e-15
1.521874124795952512e-15
1.521874459903489773e-15
1.521874459903489773e-15
1.521874459903489773e-15
1.521874292349721241e-15
1.521874627457258305e-15
1.521874459903489773e-15
1.521874627457258305e-15
1.521874292349721241e-15
1.521874292349721241e-15
1.521874459903489773e-15
1.521874627457258305e-15
1.521874795011027034e-15
1.521874459903489773e-15
1.521874124795952512e-15
1.521874124795952512e-15
1.521873957242183980e-15
1.521874292349721241e-15
1.521874795011027034e-15
1.521874292349721241e-15
1.521874292349721241e-15
1.521874459903489773e-15
1.521874459903489773e-15
1.521874459903489773e-15
1.521874459903489773e-15
1.521874292349721241e-15
1.521874292349721241e-15
1.521874292349721241e-15
1.521874627457258305e-15
1.521874459903489773e-15
1.521874459903489773e-15
1.521874459903489773e-15
1.521874627457258305e-15
1.521874292349721241e-15
1.521874627457258305e-15
1.521874459903489773e-15
1.521874627457258305e-15
1.521874459903489773e-15
1.521874459903489773e-15
1.521874459903489773e-15
1.521874627457258305e-15
1.521874292349721241e-15
1.521874627457258305e-15
1.521874124795952512e-15
1.521874459903489773e-15
1.521874292349721241e-15
1.521874459903489773e-15
1.521874459903489773e-15
1.521874459903489773e-15
1.521874459903489773e-15
1.521874124795952512e-15
1.521874627457258305e-15
1.521874459903489773e-15
1.521874124795952512e-15
1.521874124795952512e-15
1.521874459903489773e-15
1.521874962564795566e-15
1.521874459903489773e-15
1.521874124795952512e-15
1.521874459903489773e-15
1.521874292349721241e-15
1.521874795011027034e-15
1.521874292349721241e-15
1.521874459903489773e-15
1.521874292349721241e-15
1.521874292349721241e-15
1.521874124795952512e-15
1.521874124795952512e-15
1.521874459903489773e-15
1.521874459903489773e-15
1.521874459903489773e-15
1.521874459903489773e-15
1.521874292349721241e-15
1.521874627457258305e-15
1.521874292349721241e-15
1.521874292349721241e-15
1.521874795011027034e-15
1.521874124795952512e-15
